# edge servers info, index from 0
3679.0 207.0 346.0
1867.0 214.0 332.0
3100.0 236.0 475.0
1390.0 333.0 198.0
4160.0 184.0 354.0
2527.0 416.0 477.0
3492.0 433.0 128.0
2948.0 242.0 488.0
1072.0 423.0 421.0
1243.0 251.0 475.0
# edge links info, travel_time，max task capacity
3 2
3 2
4 2
4 3
2 4
3 4
3 4
4 4
2 2
2 2
4 4
4 3
4 3
2 2
4 4
4 3
3 2
# graph info, edge1 edge2 and their link index
0 3 0
0 7 1
1 6 2
1 8 3
2 3 4
2 8 5
3 8 6
3 9 7
4 7 8
4 9 9
5 8 10
5 9 11
6 7 12
6 8 13
7 8 14
7 9 15
8 9 16
# task num
20