0 10.0 0.0 11.403125
0 10.0 0.0 10.695673076923077
0 10.0 0.0 10.352403846153846
0 10.0 0.0 10.196153846153846
0 10.0 0.0 9.258653846153846
0 10.0 0.0 8.699038461538462
0 10.0 0.0 7.658653846153846
0 10.0 0.0 7.654086538461539
0 10.0 0.0 7.600721153846154
3 10.0 4.0 6.750240384615385
3 10.0 4.0 6.516586538461539
3 10.0 4.0 6.147115384615384
3 10.0 7.0 5.187019230769231
3 10.0 7.0 4.709855769230769
3 10.0 7.0 4.505288461538462
3 11.0 7.0 4.307932692307692
3 11.0 7.0 3.988221153846154
3 11.0 7.0 3.6850961538461537
6 10.0 7.0 3.4139423076923077
6 10.0 7.0 2.4314903846153846
